species8 1e-10 0.203427 0.330169
species17 1e-10 0.203427 0.330169
species26 1e-10 0.203427 0.330169
species18 1e-10 0.203427 0.330169
species12 1e-10 0.203427 0.330169
species16 1e-10 0.203427 0.330169
species28 1e-10 0.203427 0.330169
species2 1e-10 0.203427 0.330169
species0 1e-10 0.203427 0.330169
species3 1e-10 0.203427 0.330169
species1 1e-10 0.203427 0.330169
species4 1e-10 0.203427 0.330169
species22 1e-10 0.203427 0.330169
species14 1e-10 0.203427 0.330169
species24 1e-10 0.203427 0.330169
species25 1e-10 0.203427 0.330169
species10 1e-10 0.203427 0.330169
species19 1e-10 0.203427 0.330169
species15 1e-10 0.203427 0.330169
species6 1e-10 0.203427 0.330169
species13 1e-10 0.203427 0.330169
species27 1e-10 0.203427 0.330169
species23 1e-10 0.203427 0.330169
species20 1e-10 0.203427 0.330169
species21 1e-10 0.203427 0.330169
species9 1e-10 0.203427 0.330169
species7 1e-10 0.203427 0.330169
species5 1e-10 0.203427 0.330169
species11 1e-10 0.203427 0.330169
Node_species8_species26_0 1e-10 0.203427 0.330169
Node_species8_species17_0 1e-10 0.203427 0.330169
Node_species26_species18_0 1e-10 0.203427 0.330169
Node_species12_species7_0 1e-10 0.203427 0.330169
Node_species12_species20_0 1e-10 0.203427 0.330169
Node_species12_species4_0 1e-10 0.203427 0.330169
Node_species12_species0_0 1e-10 0.203427 0.330169
Node_species12_species16_0 1e-10 0.203427 0.330169
Node_species16_species28_0 1e-10 0.203427 0.330169
Node_species28_species2_0 1e-10 0.203427 0.330169
Node_species0_species3_0 1e-10 0.203427 0.330169
Node_species3_species1_0 1e-10 0.203427 0.330169
Node_species4_species6_0 1e-10 0.203427 0.330169
Node_species4_species25_0 1e-10 0.203427 0.330169
Node_species4_species22_0 1e-10 0.203427 0.330169
Node_species22_species24_0 1e-10 0.203427 0.330169
Node_species22_species14_0 1e-10 0.203427 0.330169
Node_species25_species10_0 1e-10 0.203427 0.330169
Node_species10_species19_0 1e-10 0.203427 0.330169
Node_species19_species15_0 1e-10 0.203427 0.330169
Node_species6_species27_0 1e-10 0.203427 0.330169
Node_species6_species13_0 1e-10 0.203427 0.330169
Node_species27_species23_0 1e-10 0.203427 0.330169
Node_species20_species21_0 1e-10 0.203427 0.330169
Node_species21_species9_0 1e-10 0.203427 0.330169
Node_species7_species5_0 1e-10 0.203427 0.330169
Node_species5_species11_0 1e-10 0.203427 0.330169
Node_species8_species12_0 1e-10 0.203427 0.330169
